48 4D 3A 31 31 31 31 56 31 48 31 44 31 52 31 4D 31 52 42 30 41 43 31 39 33 20 46 3A 20 30 36 53 31 31 0A
48 4D 3A 31 31 31 31 56 31 48 31 44 30 52 31 4D 31 52 42 30 41 43 31 34 34 20 46 3A 20 31 38 53 31 31 0A
48 4D 3A 31 31 31 31 56 31 48 31 44 31 52 31 4D 31 52 42 31 41 43 31 30 35 20 46 3A 20 39 30 53 31 31 0A
48 4D 3A 31 31 31 31 56 31 48 31 44 31 52 31 4D 31 52 42 31 41 43 31 31 30 20 46 3A 20 31 32 53 31 31 0A
48 4D 3A 31 31 31 31 56 31 48 31 44 31 52 31 4D 31 52 42 31 41 43 31 37 31 20 46 3A 20 39 30 53 31 31 0A
48 4D 3A 31 31 31 31 56 31 48 31 44 31 52 31 4D 31 52 42 31 41 43 31 38 36 20 46 3A 20 31 32 53 31 31 0A
48 4D 3A 31 31 31 31 56 31 48 31 44 31 52 31 4D 31 52 42 31 41 43 31 34 37 20 46 3A 20 38 30 53 31 31 0A
48 4D 3A 31 31 31 31 56 31 48 31 44 31 52 31 4D 31 52 42 31 41 43 31 30 39 20 46 3A 20 30 36 53 31 31 0A
48 4D 3A 31 31 31 31 56 31 48 31 44 31 52 31 4D 31 52 42 31 41 43 31 31 33 20 46 3A 20 38 34 53 31 31 0A
48 4D 3A 31 31 31 31 56 31 48 31 44 31 52 31 4D 31 52 42 31 41 43 31 37 35 20 46 3A 20 30 36 53 31 31 0A
48 4D 3A 31 31 31 31 56 31 48 31 44 30 52 31 4D 31 52 42 30 41 43 31 32 36 20 46 3A 20 38 34 53 31 31 0A
48 4D 3A 31 31 31 31 56 31 48 31 44 31 52 31 4D 31 52 42 31 41 43 31 34 31 20 46 3A 20 30 36 53 31 31 0A
48 4D 3A 31 31 31 31 56 31 48 31 44 31 52 31 4D 31 52 42 31 41 43 31 39 32 20 46 3A 20 37 38 53 31 31 0A
48 4D 3A 31 31 31 31 56 31 48 31 44 31 52 31 4D 31 52 42 31 41 43 31 30 37 20 46 3A 20 30 30 53 31 31 0A
